0.56574 
0.38758 
-0.9804 
0.68643 
0.84466 
0.54191 
-0.91468 
-0.24363 
0.40868 
0.45903 
-0.55145 
-0.46189 
0.34606 
-0.045016 
0.24743 
-0.52711 
-0.64575 
0.65929 
0.53384 
0.86896 
-0.78422 
-0.63554 
-0.80181 
-0.020472 
-0.61351 
0.79178 
-0.80182 
-0.91167 
0.11459 
0.54499 
-0.37612 
-0.64204 
-0.32209 
-0.57971 
0.020305 
0.81273 
0.25785 
-0.79693 
-0.21829 
-0.89077 
0.0025658 
-0.13656 
0.99512 
0.62321 
-0.028697 
0.7889 
-0.72491 
-0.21999 
0.85471 
0.83499 
0.42715 
0.23667 
-0.31342 
0.87205 
-0.75045 
0.46117 
0.29295 
0.6663 
-0.20344 
0.49964 
0.67044 
-0.35508 
0.10452 
0.95826 
0.098617 
-0.33915 
0.23894 
-0.27873 
0.51302 
-0.1722 
-0.01531 
0.38949 
0.94547 
-0.34449 
0.67561 
0.47814 
0.90835 
-0.93615 
-0.28626 
0.32531 
-0.437 
-0.53923 
0.42226 
0.24915 
0.18122 
0.32088 
-0.90489 
-0.30243 
-0.097319 
-0.51819 
0.43009 
0.71236 
-0.43698 
0.4621 
-0.72447 
0.67345 
-0.7228 
0.17642 
-0.26769 
0.61352 
0.0075616 
-0.020811 
0.7541 
-0.29372 
-0.10111 
0.92706 
-0.9154 
0.94592 
-0.62159 
0.33424 
0.17288 
0.35022 
-0.27796 
0.24056 
0.6223 
-0.96149 
-0.83225 
0.9496 
0.3027 
-0.53752 
-0.19302 
-0.75596 
-0.46312 
-0.48431 
-0.33667 
-0.69553 
-0.30398 
-0.75668 
0.76831 
-0.81144 
0.86008 
-0.20196 
-0.9052 
-0.31525 
0.47193 
0.58936 
0.089812 
0.37245 
0.78727 
-0.89042 
-0.39268 
-0.90762 
-0.60905 
0.44033 
0.44351 
0.7556 
0.16487 
-0.85863 
0.84549 
0.60074 
-0.42811 
0.087326 
0.96955 
0.43136 
0.67794 
-0.13348 
-0.058751 
0.12143 
-0.46182 
0.49804 
0.0077755 
0.29362 
-0.38451 
-0.72255 
-0.048854 
-0.27508 
0.57623 
0.56059 
0.33702 
-0.73299 
-0.95689 
0.11968 
-0.39836 
0.87882 
0.96181 
-0.42676 
0.60164 
0.79222 
0.19505 
0.76803 
0.88746 
0.098316 
0.45677 
0.15352 
-0.94829 
-0.10694 
0.2926 
0.042406 
-0.25537 
0.87427 
0.65907 
0.69817 
-0.25493 
0.18637 
0.74511 
0.867 
0.33693 
-0.58645 
0.3077 
-0.8559 
-0.18655 
0.33386 
0.86745 
0.6219 
-0.030903 
0.5135 
-0.16591 
0.94357 
0.97595 
0.7283 
-0.22223 
-0.090516 
-0.50663 
0.56885 
0.76568 
0.82742 
0.11657 
0.19774 
-0.70225 
0.79943 
-0.099213 
-0.58866 
0.7993 
0.52517 
0.76497 
-0.4301 
0.34645 
0.32856 
-0.75437 
-0.18536 
-0.44943 
0.43334 
-0.43323 
0.7924 
0.65316 
-0.21995 
-0.0041941 
0.38961 
0.66874 
0.21926 
0.14947 
-0.34792 
-0.087151 
0.42759 
0.76881 
0.44171 
-0.96277 
0.34955 
-0.12298 
-0.12436 
-0.76593 
0.62936 
-0.35029 
-0.50754 
-0.31457 
-0.24862 
0.093108 
0.12384 
-0.20836 
-0.20374 
0.030734 
0.31506 
0.90183 
0.4447 
-0.19984 
0.66374 
-0.73132 
-0.87907 
-0.83151 
-0.6722 
-0.35156 
-0.39655 
-0.97664 
0.07981 
-0.80925 
-0.70697 
0.26228 
0.71864 
0.94844 
0.14168 
0.9937 
0.10708 
0.030917 
-0.33864 
-0.14 
-0.016387 
-0.85793 
0.77548 
-0.87073 
-0.12763 
0.65326 
-0.21093 
0.22695 
0.63728 
0.77247 
0.86222 
-0.61843 
-0.48284 
0.79573 
0.18672 
0.0076802 
0.22562 
0.63884 
0.063778 
-0.59585 
-0.092213 
-0.14418 
0.93211 
0.24011 
0.39078 
0.44033 
-0.30621 
0.033981 
0.11339 
-0.68701 
0.12411 
0.38961 
-0.14709 
0.67254 
0.46277 
-0.27994 
-0.091575 
-0.22722 
0.55111 
0.46854 
-0.13944 
0.38751 
0.89043 
0.56847 
0.41114 
-0.78133 
-0.22014 
0.18181 
-0.08124 
-0.89932 
-0.54262 
0.66838 
-0.96871 
0.72742 
-0.84386 
0.33809 
0.00042265 
-0.56401 
0.14323 
-0.75562 
0.34233 
0.19917 
-0.88805 
-0.88731 
-0.695 
-0.96076 
-0.12965 
0.66444 
0.23478 
0.040259 
0.72774 
-0.8046 
0.8161 
-0.78397 
0.033994 
-0.71369 
0.11874 
-0.99084 
0.53336 
0.69742 
0.83364 
0.97394 
0.010266 
-0.45716 
-0.7985 
0.015698 
0.17122 
0.52577 
-0.83407 
0.32319 
0.033958 
-0.6579 
0.87712 
0.18097 
-0.11873 
0.88384 
0.31183 
-0.096109 
0.67939 
0.065247 
0.10777 
0.36013 
-0.26562 
-0.52142 
0.15785 
0.73377 
-0.18645 
-0.77477 
-0.11231 
-0.39963 
-0.19723 
0.66673 
-0.19274 
-0.21965 
-0.2791 
-0.71949 
-0.47974 
-0.82637 
-0.14121 
-0.48543 
-0.40489 
-0.15028 
-0.76159 
-0.0098662 
0.41281 
-0.51285 
0.57014 
-0.85182 
-0.21223 
-0.99321 
-0.55865 
-0.9974 
-0.62164 
-0.71503 
-0.46385 
-0.65022 
-0.7227 
0.19777 
0.80212 
0.87876 
-0.55763 
-0.034657 
-0.24798 
0.04756 
-0.47025 
-0.86329 
-0.12735 
-0.65229 
-0.94779 
0.90936 
-0.13881 
0.92312 
0.52483 
-0.9853 
0.36008 
0.4119 
0.29026 
0.10462 
-0.56378 
0.54473 
-0.54394 
-0.25827 
0.78186 
0.71275 
-0.19513 
-0.36396 
0.21727 
0.82039 
0.8182 
0.18319 
-0.33486 
0.70613 
-0.1152 
0.80871 
-0.93364 
0.064853 
0.43299 
-0.6414 
-0.32693 
-0.62457 
-0.35615 
-0.19229 
0.097133 
-0.90252 
0.10546 
-0.45038 
-0.517 
-0.51371 
-0.69168 
0.91283 
0.87132 
0.63743 
0.45652 
-0.64838 
-0.27926 
-0.62242 
-0.9976 
-0.36716 
0.39923 
0.25051 
0.086124 
-0.12193 
-0.42515 
0.0033182 
0.52309 
0.52482 
0.15211 
0.49533 
0.29107 
-0.75356 
0.0087957 
-0.30548 
-0.8157 
-0.7043 
-0.60366 
